public class Main {
    static String rawOutput = new String("  01:45:16.413  0.526663721, 7.9852376, 12.0625811, 0.999048233, -0.0112895286, 0.0421330966, 0, 0.965925872, 0.258819014, -0.0436193943, -0.258572668, 0.965006471  -  Client - SetCamera:8\n" +
            "  01:45:16.446  1.26208425, 7.9852376, 12.0079298, 0.994521976, -0.0270539578, 0.100966744, -1.86264537e-09, 0.965925872, 0.258819014, -0.104528487, -0.257401198, 0.960634351  -  Client - SetCamera:8\n" +
            "  01:45:16.480  2.30384159, 7.9852376, 11.8522377, 0.981627285, -0.049385, 0.184307337, -3.72529074e-09, 0.965925872, 0.258819014, -0.190809026, -0.254063815, 0.948179007  -  Client - SetCamera:8\n" +
            "  01:45:16.513  3.3397491, 7.82268715, 11.647089, 0.961261749, -0.0677557886, 0.267179936, 0, 0.96931684, 0.245814949, -0.275637388, -0.236292511, 0.931767106  -  Client - SetCamera:8\n" +
            "  01:45:16.547  4.36346436, 7.57782841, 11.3672142, 0.933580518, -0.0810722411, 0.349077165, -7.45058149e-09, 0.974074841, 0.22622627, -0.35836798, -0.211200446, 0.909377098  -  Client - SetCamera:8\n" +
            "  01:45:16.580  5.92944479, 7.33182049, 10.6970034, 0.874619782, -0.100135311, 0.474355578, 0, 0.978437006, 0.206545651, -0.484809577, -0.180648908, 0.855760276  -  Client - SetCamera:8\n" +
            "  01:45:16.615  7.57896805, 6.91952705, 9.70063877, 0.788010836, -0.106855541, 0.606317461, 0, 0.984822989, 0.173562184, -0.615661442, -0.136768878, 0.776051104  -  Client - SetCamera:8\n" +
            "  01:45:16.647  8.72451687, 6.75389767, 8.72451782, 0.707106829, -0.113357559, 0.69796133, 0, 0.987066448, 0.160311803, -0.707106769, -0.113357574, 0.69796139  -  Client - SetCamera:8\n" +
            "  01:45:16.681  9.73312664, 6.67094517, 7.60435295, 0.615661561, -0.121098056, 0.778650165, 0, 0.988121331, 0.153675631, -0.788010776, -0.0946121812, 0.60834825  -  Client - SetCamera:8\n" +
            "  01:45:16.714  10.4853888, 6.58790684, 6.55199909, 0.529919326, -0.124690659, 0.838831127, -7.45058149e-09, 0.989131629, 0.147032529, -0.848048151, -0.0779153854, 0.524159908  -  Client - SetCamera:8\n" +
            "  01:45:16.747  11.2002478, 6.25495815, 5.34224367, 0.430511057, -0.108668238, 0.896019816, 0, 0.992725968, 0.120396636, -0.902585328, -0.0518320836, 0.427379489  -  Client - SetCamera:8\n" +
            "  01:45:16.783  11.8281822, 6.00452042, 3.84320927, 0.309016973, -0.0954495892, 0.946254611, 0, 0.99495101, 0.10036163, -0.9510566, -0.0310134478, 0.307456732  -  Client - SetCamera:8\n" +
            "  01:45:16.813  12.2163868, 5.92092276, 2.37462425, 0.190808952, -0.0919527858, 0.977310956, 0, 0.995603085, 0.0936738253, -0.981627285, -0.017873805, 0.189969942  -  Client - SetCamera:8\n" +
            "  01:45:16.847  12.4222898, 5.83727217, 0.868650079, 0.0697563961, -0.0867698938, 0.993783176, 4.65661343e-10, 0.996209979, 0.0869817659, -0.997564137, -0.00606753398, 0.0694920048  -  Client - SetCamera:8\n" +
            "  01:45:16.880  12.4355574, 5.83727217, -0.65172106, -0.0523360446, -0.0868625566, 0.994844556, 0, 0.99620986, 0.0869817659, -0.99862951, 0.00455228146, -0.0521376841  -  Client - SetCamera:8\n" +
            "  01:45:16.913  12.3158426, 5.83727217, -1.84061623, -0.147809505, -0.0860263556, 0.985267401, 0, 0.996209979, 0.0869817734, -0.989015877, 0.0128567331, -0.147249296  -  Client - SetCamera:8\n" +
            "  01:45:16.947  12.0559778, 5.83727217, -3.11788917, -0.250380129, -0.0842112005, 0.964478195, -1.86264537e-09, 0.996209979, 0.0869817734, -0.968147695, 0.0217785053, -0.249431133  -  Client - SetCamera:8\n" +
            "  01:45:16.980  11.7741861, 5.83727217, -4.05417871, -0.325568259, -0.0822428763, 0.941934884, 0, 0.996209919, 0.0869817659, -0.945518613, 0.028318502, -0.324334294  -  Client - SetCamera:8\n" +
            "  01:45:17.013  11.3760376, 5.83727217, -5.06493855, -0.406736672, -0.0794617981, 0.910082996, 0, 0.996209979, 0.0869817659, -0.913545489, 0.0353786722, -0.405195087  -  Client - SetCamera:8\n" +
            "  01:45:17.047  10.7842884, 5.83727217, -6.22631216, -0.5, -0.075328432, 0.86274308, -3.7252903e-09, 0.996209919, 0.0869817734, -0.866025448, 0.043490883, -0.49810496  -  Client - SetCamera:8\n" +
            "  01:45:17.080  10.0157738, 5.75357246, -7.41128349, -0.594822884, -0.0645383, 0.801261902, 0, 0.996771932, 0.0802858025, -0.803856909, 0.0477558337, -0.59290266  -  Client - SetCamera:8\n" +
            "  01:45:17.114  8.73308277, 5.75357246, -8.8868494, -0.713250458, -0.0562730543, 0.698646605, -3.72529074e-09, 0.996771812, 0.0802857876, -0.700909257, 0.0572638698, -0.710947931  -  Client - SetCamera:8\n" +
            "  01:45:17.148  7.58495331, 5.75357246, -9.88490391, -0.793353379, -0.0488748997, 0.606796265, 0, 0.996771932, 0.080285795, -0.608761489, 0.0636950061, -0.790792286  -  Client - SetCamera:8\n" +
            "  01:45:17.181  6.51352406, 5.66982746, -10.6291065, -0.852640212, -0.0384486765, 0.521081924, 0, 0.997288823, 0.0735861883, -0.522498548, 0.0627425462, -0.850328505  -  Client - SetCamera:8\n" +
            "  01:45:17.212  5.94831276, 5.66982746, -10.9554329, -0.87881726, -0.0351122916, 0.475865036, -1.86264537e-09, 0.997289062, 0.0735861883, -0.477158725, 0.0646688119, -0.876434624  -  Client - SetCamera:8\n" +
            "  01:45:17.247  5.07042217, 5.66982746, -11.3883581, -0.913545489, -0.0299301948, 0.405633777, -1.86264537e-09, 0.997288764, 0.0735861883, -0.406736553, 0.0672243312, -0.911068678  -  Client - SetCamera:8\n" +
            "  01:45:17.281  4.16127157, 5.66982746, -11.7510738, -0.942641616, -0.0245635659, 0.332901716, -1.86264537e-09, 0.997288883, 0.0735861883, -0.333806723, 0.0693654045, -0.940085888  -  Client - SetCamera:8\n" +
            "  01:45:17.314  3.019696, 5.4183588, -12.1113472, -0.970295787, -0.0129352417, 0.241575673, 9.31322575e-10, 0.998569548, 0.0534687042, -0.241921753, 0.0518804602, -0.968907773  -  Client - SetCamera:8\n" +
            "  01:45:17.347  2.06083608, 5.33447075, -12.3150854, -0.986285686, -0.00771723082, 0.16486688, -4.65661287e-10, 0.998906255, 0.0467576534, -0.165047422, 0.0461164042, -0.985206842  -  Client - SetCamera:8\n" +
            "  01:45:17.381  -0.327098519, 5.08266258, -12.491291, -0.999657333, 0.000696652802, -0.0261678807, 5.82076609e-11, 0.999645829, 0.0266130064, 0.026177153, 0.0266038869, -0.999303281  -  Client - SetCamera:8\n" +
            "  01:45:17.413  -1.41504252, 4.74672604, -12.4196472, -0.993571937, -2.96499074e-05, -0.113203399, 1.81898962e-12, 1, -0.00026191707, 0.113203421, -0.000260233443, -0.993571758  -  Client - SetCamera:8\n" +
            "  01:45:17.447  -2.80874586, 4.15898848, -12.1660032, -0.974370062, -0.0106359031, -0.224699676, -9.31322686e-10, 0.998881578, -0.0472809151, 0.224951282, -0.0460691079, -0.973280251  -  Client - SetCamera:8\n" +
            "  01:45:17.480  -3.32766891, 3.6562047, -11.999176, -0.963630438, -0.0233843438, -0.266213506, 0, 0.996164203, -0.087503612, 0.267238617, -0.0843211412, -0.959934056  -  Client - SetCamera:8\n" +
            "  01:45:17.512  -3.820436, 2.90561748, -11.7580833, -0.95105648, -0.0455956794, -0.305634886, 0, 0.989054561, -0.147550598, 0.309017241, -0.140328959, -0.940646648  -  Client - SetCamera:8\n" +
            "  01:45:17.546  -4.07018375, 1.99766493, -11.4938345, -0.942641497, -0.073499918, -0.325614691, 0, 0.975457788, -0.2201868, 0.333807111, -0.207557216, -0.919506788  -  Client - SetCamera:8\n" +
            "  01:45:17.579  -4.28489161, 1.10474229, -11.1625175, -0.933580399, -0.104507543, -0.342791319, -7.45058149e-09, 0.956534028, -0.291620612, 0.358368129, -0.272251278, -0.893001378  -  Client - SetCamera:8\n" +
            "  01:45:17.613  -4.17672157, 0.231726646, -10.8807268, -0.933580339, -0.12953642, -0.334137738, -7.45057971e-09, 0.932386875, -0.361461878, 0.358368129, -0.337453693, -0.870458126  -  Client - SetCamera:8\n" +
            "  01:45:17.647  -3.60744667, 0.0219216347, -9.64854908, -0.936672151, -0.146090284, -0.318281263, -7.4505806e-09, 0.908836067, -0.417153418, 0.350207567, -0.390735984, -0.851281404  -  Client - SetCamera:8\n" +
            "  01:45:17.680  -3.2348547, 0.0178751945, -8.88768578, -0.939692557, -0.153035954, -0.305872321, 0, 0.894310415, -0.447447002, 0.342020303, -0.420462608, -0.840376854  -  Client - SetCamera:8\n" +
            "  01:45:17.714  -2.72393918, 0.0129933357, -8.14099121, -0.948323667, -0.153299376, -0.277815878, -1.4901163e-08, 0.875548899, -0.483129591, 0.31730485, -0.458163232, -0.830303609  -  Client - SetCamera:8\n" +
            "  01:45:17.747  -2.25750375, 0.00890922546, -7.62120008, -0.958819747, -0.145491973, -0.243919864, 0, 0.858825922, -0.512267709, 0.284015507, -0.491172403, -0.823459148  -  Client - SetCamera:8\n" +
            "  01:45:17.781  -1.84781754, 0.00481414795, -7.14497519, -0.968147635, -0.135412529, -0.210603118, 7.4505806e-09, 0.841133416, -0.540827692, 0.250380158, -0.523601055, -0.814341247  -  Client - SetCamera:8\n" +
            "  01:45:17.813  -1.26949251, 0.00153446198, -6.84956121, -0.98325491, -0.10264203, -0.150580436, -7.45058149e-09, 0.826294899, -0.563237667, 0.182235718, -0.553806186, -0.812458456  -  Client - SetCamera:8\n" +
            "  01:45:17.847  -0.339785457, -0.00256681442, -6.48347187, -0.99862951, -0.0309136957, -0.0422304757, 1.86264515e-09, 0.806908727, -0.590676129, 0.0523361228, -0.589866638, -0.805802882  -  Client - SetCamera:8\n" +
            "  01:45:17.880  0.275445551, -0.00420665741, -6.30876493, -0.999048233, 0.0262355004, 0.0348473042, 0, 0.798897922, -0.601466537, -0.0436192192, -0.600894094, -0.798137546  -  Client - SetCamera:8\n" +
            "  01:45:17.914  0.660072744, -0.00420665741, -6.28018284, -0.994521976, 0.062870279, 0.0835074484, 0, 0.798898101, -0.601466537, -0.104528308, -0.598171711, -0.79452157  -  Client - SetCamera:8\n" +
            "  01:45:17.945  0.987847567, -0.00420665741, -6.23703146, -0.987688422, 0.0940899849, 0.124975041, 0, 0.798898041, -0.601466477, -0.156434298, -0.594061494, -0.789062262  -  Client - SetCamera:8\n" +
            "  01:45:17.979  1.44031012, -0.00338745117, -6.23867369, -0.974370182, 0.134089813, 0.180617899, 1.4901163e-08, 0.802921593, -0.596084714, -0.22495091, -0.580807149, -0.782342732  -  Client - SetCamera:8\n" +
            "  01:45:18.014  2.31590986, -0.000105857849, -6.36291456, -0.939692736, 0.196418971, 0.279995024, 1.4901163e-08, 0.818651199, -0.574290931, -0.342019945, -0.539656997, -0.769280553  -  Client - SetCamera:8\n" +
            "  01:45:18.046  3.47057557, 0.00399446487, -6.3920083, -0.87881732, 0.260751545, 0.399610966, 0, 0.837480485, -0.546467245, -0.477158606, -0.480244875, -0.735992193  -  Client - SetCamera:8\n" +
            "  01:45:18.079  4.6738677, 0.0465703011, -6.20243359, -0.798635602, 0.311756313, 0.514770985, -1.49011612e-08, 0.855364323, -0.518026888, -0.601814926, -0.413714707, -0.683124363  -  Client - SetCamera:8\n" +
            "  01:45:18.112  6.27687407, -0.349748135, -6.38739586, -0.713250518, 0.346846342, 0.609074056, 1.4901163e-08, 0.868977189, -0.494852066, -0.700909138, -0.352953494, -0.619798481  -  Client - SetCamera:8\n" +
            "  01:45:18.146  8.31879807, -0.385427475, -5.71735334, -0.566406369, 0.373696744, 0.734530091, 1.4901163e-08, 0.891283631, -0.45344606, -0.824126124, -0.256834745, -0.504828751  -  Client - SetCamera:8\n" +
            "  01:45:18.179  9.68647671, -0.218038559, -4.82950115, -0.446197957, 0.373324901, 0.813348532, 0, 0.908836007, -0.417153418, -0.894934297, -0.186132997, -0.405520797  -  Client - SetCamera:8\n" +
            "  01:45:18.213  10.5309229, -0.0489888191, -3.9373529, -0.350207597, 0.367716879, 0.861474872, 0, 0.919718802, -0.392577976, -0.936672211, -0.137483791, -0.322092444  -  Client - SetCamera:8\n" +
            "  01:45:18.246  11.1135283, 0.200427532, -2.97786331, -0.258819252, 0.355189115, 0.898250103, 0, 0.929937005, -0.367718846, -0.965925813, -0.0951727182, -0.240685582  -  Client - SetCamera:8\n" +
            "  01:45:18.280  11.4947109, 0.486927986, -2.13042116, -0.182235748, 0.336857349, 0.923751771, 0, 0.939483583, -0.342594117, -0.98325491, -0.0624328963, -0.171207473  -  Client - SetCamera:8\n" +
            "  01:45:18.313  11.7653856, 0.792821884, -1.23659408, -0.104528658, 0.315484047, 0.943156183, -3.72529074e-09, 0.948351383, -0.31722182, -0.994521916, -0.0331587754, -0.0991298854  -  Client - SetCamera:8\n" +
            "  01:45:18.345  11.9193277, 1.0278461, -0.208054855, -0.017452592, 0.297995925, 0.954407573, 0, 0.954553008, -0.298041284, -0.99984777, -0.00520159304, -0.0166594237  -  Client - SetCamera:8\n" +
            "  01:45:18.379  12.0452547, 1.50968027, 0.736716986, 0.0610483512, 0.258841008, 0.963988841, 9.31322575e-10, 0.965790272, -0.2593247, -0.998134851, 0.0158313457, 0.0589598976  -  Client - SetCamera:8\n" +
            "  01:45:18.413  12.0226393, 1.91625142, 1.90419662, 0.156434268, 0.223944724, 0.961965263, 3.7252903e-09, 0.973956227, -0.226736218, -0.987688363, 0.0354693197, 0.152360141  -  Client - SetCamera:8\n" +
            "  01:45:18.446  11.7973909, 2.73977995, 3.60682225, 0.292371541, 0.153801188, 0.943855941, 0, 0.986982346, -0.16082862, -0.956304848, 0.0470217131, 0.288565546  -  Client - SetCamera:8\n" +
            "  01:45:18.481  11.2244425, 3.48900318, 5.3537817, 0.430510968, 0.0910551473, 0.89798063, 0, 0.994898379, -0.100882575, -0.902585447, 0.0434310548, 0.428314567  -  Client - SetCamera:8\n" +
            "  01:45:18.514  10.5335894, 4.24290991, 6.71063328, 0.537299395, 0.0342144556, 0.842697203, 0, 0.999176741, -0.0405676998, -0.843391597, 0.0217970014, 0.536857069  -  Client - SetCamera:8\n" +
            "  01:45:18.547  9.71407509, 4.83072138, 7.86629868, 0.629320204, -0.00501861423, 0.777129889, 2.32830671e-10, 0.999979138, 0.00645774789, -0.77714622, -0.00406399136, 0.629307032  -  Client - SetCamera:8\n" +
            "  01:45:18.579  8.58514977, 5.58604145, 9.04685497, 0.725374222, -0.0460395515, 0.686813414, -3.7252903e-09, 0.997760892, 0.0668834671, -0.68835479, -0.0485155471, 0.723749936  -  Client - SetCamera:8\n" +
            "  01:45:18.613  7.66192484, 5.92092323, 9.80681229, 0.788010657, -0.0576714724, 0.612954497, 3.72529074e-09, 0.995602965, 0.0936739594, -0.615661681, -0.0738160759, 0.78454566  -  Client - SetCamera:8\n" +
            "  01:45:18.645  6.66738939, 6.25495911, 10.4657011, 0.843391359, -0.0646891668, 0.533391356, 0, 0.992725909, 0.120396793, -0.537299752, -0.101541616, 0.837256432  -  Client - SetCamera:8\n" +
            "  01:45:18.679  5.61868572, 6.50478554, 11.0272865, 0.89100647, -0.0637325197, 0.449494928, -3.7252903e-09, 0.990097344, 0.140382871, -0.453990698, -0.125082046, 0.882183075  -  Client - SetCamera:8\n" +
            "  01:45:18.713  4.62696171, 6.6709466, 11.4521255, 0.927183807, -0.0575679764, 0.370156974, 3.7252903e-09, 0.98812139, 0.15367575, -0.374606758, -0.142485663, 0.91617012  -  Client - SetCamera:8\n" +
            "  01:45:18.745  3.80850959, 6.83676052, 11.7213774, 0.95105648, -0.0515875928, 0.304680765, -3.72529074e-09, 0.985966921, 0.166940838, -0.309017241, -0.158770159, 0.937710166  -  Client - SetCamera:8\n" +
            "  01:45:18.779  2.66753197, 6.83676052, 12.032444, 0.976296008, -0.0361326598, 0.213402554, 0, 0.98596698, 0.166940838, -0.216439903, -0.162983671, 0.962595522  -  Client - SetCamera:8\n" +
            "  01:45:18.812  1.28827345, 6.83676052, 12.2570705, 0.994521916, -0.0174501166, 0.103061877, 1.86264537e-09, 0.985966921, 0.166940823, -0.104528747, -0.166026309, 0.980565608  -  Client - SetCamera:8\n" +
            "  01:45:18.847  -0.107547536, 6.83676052, 12.3241167, 0.999961913, 0.00145676907, -0.00860380288, -1.16415336e-10, 0.985966861, 0.166940823, 0.00872625969, -0.16693446, 0.98592931  -  Client - SetCamera:8\n" +
            "  01:45:18.880  -1.39965761, 6.58790779, 12.284668, 0.993571997, 0.0166445263, -0.111972608, 0, 0.989131808, 0.147032633, 0.113202944, -0.146087512, 0.982773423  -  Client - SetCamera:8\n" +
            "  01:45:18.912  -2.57998824, 6.25496006, 12.1379061, 0.978147686, 0.0250318758, -0.206399068, 0, 0.992725909, 0.120396815, 0.207911447, -0.117765866, 0.9710325  -  Client - SetCamera:8\n" +
            "  01:45:18.945  -3.73722196, 6.08806372, 11.8529634, 0.953717113, 0.0321890563, -0.298977762, -1.86264537e-09, 0.994254231, 0.107045084, 0.300705612, -0.102090731, 0.948237062  -  Client - SetCamera:8\n" +
            "  01:45:18.980  -4.66483164, 5.83727455, 11.5458717, 0.927184045, 0.0325839929, -0.373186529, 0, 0.996209919, 0.0869819522, 0.374606371, -0.0806482807, 0.923669755  -  Client - SetCamera:8\n" +
            "  01:45:19.012  -5.46736574, 5.58604336, 11.2097712, 0.898794234, 0.0293197557, -0.437389255, 0, 0.997760892, 0.0668834597, 0.438370794, -0.0601144694, 0.896781683  -  Client - SetCamera:8\n" +
            "  01:45:19.045  -6.05525589, 5.2505579, 10.9239788, 0.874619842, 0.0194140077, -0.484420478, 1.86264515e-09, 0.999197841, 0.0400446281, 0.484809339, -0.0350238271, 0.873918295  -  Client - SetCamera:8\n" +
            "  01:45:19.080  -6.62341261, 4.91471148, 10.5996819, 0.84804827, 0.00698269904, -0.529873013, 4.65661343e-10, 0.999913216, 0.0131769162, 0.529919088, -0.0111746611, 0.847974539  -  Client - SetCamera:8\n" +
            "  01:45:19.113  -6.98973846, 4.66273499, 10.3627186, 0.829037786, -0.00390383694, -0.559179068, 0, 0.999975681, -0.00698120147, 0.559192717, 0.00578767993, 0.82901752  -  Client - SetCamera:8\n" +
            "  01:45:19.146  -7.33659554, 4.07510471, 10.0979643, 0.809017181, -0.0317354649, -0.586927652, 0, 0.998541415, -0.0539916232, 0.587785006, 0.0436801501, 0.807837129  -  Client - SetCamera:8\n" +
            "  01:45:19.180  -7.58463001, 3.73990297, 9.88448715, 0.793353498, -0.0491926298, -0.606770396, 0, 0.996729732, -0.0808077529, 0.608761251, 0.0641091168, 0.790758967  -  Client - SetCamera:8\n" +
            "  01:45:19.213  -7.73048401, 3.32195544, 9.71855354, 0.78260833, -0.0711182803, -0.618438721, 0, 0.993452787, -0.114243567, 0.622514546, 0.0894079655, 0.777484298  -  Client - SetCamera:8\n" +
            "  01:45:19.246  -7.70380068, 2.98873568, 9.685009, 0.78260833, -0.0877130032, -0.61630404, 0, 0.990023732, -0.140901148, 0.622514486, 0.110270411, 0.774800718  -  Client - SetCamera:8\n" +
            "  01:45:19.280  -7.46510935, 2.32635164, 9.72872448, 0.793353498, -0.118033864, -0.597208738, 7.4505806e-09, 0.981022954, -0.193891868, 0.608761251, 0.153824791, 0.778297961  -  Client - SetCamera:8\n" +
            "  01:45:19.313  -6.88474178, 1.83405519, 10.0173645, 0.824126363, -0.132128716, -0.550779343, 7.45058149e-09, 0.972410738, -0.233275577, 0.566406131, 0.192248553, 0.801389158  -  Client - SetCamera:8\n" +
            "  01:45:19.346  -6.21773148, 1.50844169, 10.3480482, 0.857167482, -0.133562058, -0.497418523, 1.4901163e-08, 0.965790212, -0.25932467, 0.515037954, 0.222284675, 0.827843845  -  Client - SetCamera:8\n" +
            "  01:45:19.380  -5.7391324, 1.34649777, 10.5701723, 0.87881732, -0.12992084, -0.459130585, 0, 0.962218165, -0.272280186, 0.477158606, 0.239284545, 0.845613778  -  Client - SetCamera:8\n" +
            "  01:45:19.413  -4.95835066, 1.10474467, 10.8801136, 0.909961343, -0.120932974, -0.396668047, 7.4505806e-09, 0.956534088, -0.291620433, 0.414693058, 0.265363336, 0.870409071  -  Client - SetCamera:8\n" +
            "  01:45:19.445  -4.27601242, 1.0244844, 11.1394005, 0.933580518, -0.106808372, -0.342080981, 7.4505806e-09, 0.954552948, -0.298041254, 0.358367711, 0.278245509, 0.891152024  -  Client - SetCamera:8\n" +
            "  01:45:19.480  -3.26751018, 0.784727335, 11.3951731, 0.961261809, -0.0874381065, -0.261400819, 0, 0.948351383, -0.31722182, 0.27563712, 0.30493322, 0.911613882  -  Client - SetCamera:8\n" +
            "  01:45:19.514  -2.35254478, 0.625778675, 11.5631447, 0.979924858, -0.0657789111, -0.188203573, -3.72529074e-09, 0.944002748, -0.329937696, 0.199367672, 0.32331416, 0.92505157  -  Client - SetCamera:8\n" +
            "  01:45:19.546  -1.23051119, 0.546581745, 11.7075663, 0.994522035, -0.0351500511, -0.098440893, 0, 0.941764414, -0.336273462, 0.104528174, 0.33443138, 0.936605275  -  Client - SetCamera:8\n" +
            "  01:45:19.581  0.102484085, 0.467574596, 11.7430973, 0.999961972, 0.00298976526, 0.00819872692, 0, 0.939483583, -0.342594028, -0.0087268455, 0.342581004, 0.939447761  -  Client - SetCamera:8\n" +
            "  01:45:19.614  1.42764223, 0.388761997, 11.6271849, 0.992546141, 0.0425202027, 0.11421138, -3.72529074e-09, 0.937160254, -0.348899037, -0.121869639, 0.346298397, 0.930174768  -  Client - SetCamera:8\n" +
            "  01:45:19.646  2.33549976, 0.388761997, 11.479331, 0.979924679, 0.0695593879, 0.186839983, 0, 0.937160373, -0.348899037, -0.199368238, 0.341894776, 0.918346465  -  Client - SetCamera:8\n" +
            "  01:45:19.679  3.72628427, 0.467576027, 11.1366796, 0.948323667, 0.108706743, 0.298102736, 7.45058237e-09, 0.939483583, -0.342593908, -0.317304969, 0.324889898, 0.890934348  -  Client - SetCamera:8\n" +
            "  01:45:19.713  4.89339685, 0.625780582, 10.7375727, 0.909961224, 0.136822954, 0.391471744, 0, 0.944002748, -0.329937547, -0.414693475, 0.300230384, 0.859005809  -  Client - SetCamera:8\n" +
            "  01:45:19.746  5.92719841, 0.784729004, 10.2662039, 0.866025329, 0.15861091, 0.47417587, -1.4901163e-08, 0.948351383, -0.317221671, -0.500000179, 0.27472201, 0.821296275  -  Client - SetCamera:8\n" +
            "  01:45:19.779  6.84386635, 1.02448606, 9.77404976, 0.819151938, 0.170949399, 0.547509313, 1.49011612e-08, 0.954553008, -0.298041105, -0.573576629, 0.244140968, 0.78192395  -  Client - SetCamera:8\n" +
            "  01:45:19.813  7.37618065, 1.18517137, 9.44107723, 0.788010716, 0.175578251, 0.590094447, 0, 0.958472133, -0.285186291, -0.615661621, 0.224729851, 0.755286157  -  Client - SetCamera:8\n" +
            "  01:45:19.846  7.90572548, 1.42739677, 9.09449291, 0.754709482, 0.17438595, 0.632458031, 0, 0.964025915, -0.265808254, -0.656059206, 0.200608015, 0.727559447  -  Client - SetCamera:8\n" +
            "  01:45:19.879  8.74367332, 1.83405781, 8.44366264, 0.69465816, 0.167804316, 0.699493885, 7.45058149e-09, 0.972410679, -0.233275384, -0.719340026, 0.162046656, 0.675493002  -  Client - SetCamera:8\n" +
            "  01:45:19.913  9.49007511, 2.07966328, 7.68490601, 0.629320145, 0.16601935, 0.759205997, -7.4505806e-09, 0.976915359, -0.213626936, -0.777146161, 0.134439737, 0.614792466  -  Client - SetCamera:8\n" +
            "  01:45:19.946  9.92080498, 2.32635427, 7.20788145, 0.587785006, 0.156861693, 0.793664396, 7.45058149e-09, 0.981022954, -0.193891659, -0.809017241, 0.113966614, 0.576630533  -  Client - SetCamera:8\n" +
            "  01:45:19.980  10.6524792, 2.90562201, 6.274786, 0.50753814, 0.127133623, 0.852198362, -7.45058149e-09, 0.98905462, -0.14755024, -0.861629367, 0.0748873651, 0.501982868  -  Client - SetCamera:8\n" +
            "  01:45:20.013  11.2247591, 3.4889698, 5.35393143, 0.430510849, 0.0910549983, 0.89798075, 0, 0.994898498, -0.100882404, -0.902585506, 0.0434309691, 0.428314507  -  Client - SetCamera:8\n" +
            "  01:45:20.045  11.7698421, 4.15899324, 4.16791534, 0.333806604, 0.044568602, 0.941587389, -9.31322686e-10, 0.998881698, -0.0472805351, -0.942641675, 0.0157825556, 0.333433241  -  Client - SetCamera:8\n" +
            "  01:45:20.079  12.101552, 4.66273785, 3.12966967, 0.250379652, 0.00675861211, 0.968124151, 1.16415308e-10, 0.999975622, -0.00698097236, -0.968147695, 0.00174789352, 0.250373572  -  Client - SetCamera:8\n" +
            "  01:45:20.113  12.3326006, 5.33447599, 1.95328796, 0.156434149, -0.0461824127, 0.986608028, 4.65661343e-10, 0.998906255, 0.0467580743, -0.987688482, -0.00731455907, 0.156263039  -  Client - SetCamera:8\n" +
            "  01:45:20.146  12.4052372, 5.83727741, 1.08531368, 0.0871554241, -0.0866511911, 0.992419004, 0, 0.99620986, 0.0869821832, -0.99619472, -0.00758096902, 0.0868250951  -  Client - SetCamera:8\n" +
            "  01:45:20.179  12.3566132, 6.58791065, -0.431506425, -0.0348998196, -0.146943286, 0.988529027, -4.65661343e-10, 0.989131689, 0.147032842, -0.9993909, 0.00513141928, -0.0345205143  -  Client - SetCamera:8\n" +
            "  01:45:20.212  12.0083313, 7.41394901, -2.22561646, -0.182235837, -0.209547266, 0.960666478, -3.7252903e-09, 0.977026939, 0.213115931, -0.98325485, 0.0388373546, -0.178049326  -  Client - SetCamera:8\n" +
            "  01:45:20.247  11.4292507, 8.06629944, -3.82417846, -0.317304999, -0.251593947, 0.914340079, 0, 0.964164734, 0.26530391, -0.948323548, 0.084182255, -0.30593428  -  Client - SetCamera:8\n" +
            "  01:45:20.279  10.8818455, 8.38899803, -4.95914745, -0.414693594, -0.264907748, 0.870547652, 0, 0.956686616, 0.291119874, -0.909961104, 0.12072555, -0.396731794  -  Client - SetCamera:8\n" +
            "  01:45:20.312  10.3929291, 8.62931061, -5.76090002, -0.484810024, -0.271433651, 0.831434309, 0, 0.950624049, 0.310344815, -0.874619544, 0.150458276, -0.460871994  -  Client - SetCamera:8\n" +
            "  01:45:20.347  10.0548506, 8.7090683, -6.28297329, -0.529919624, -0.268598348, 0.804388046, 0, 0.948517323, 0.316725433, -0.848047972, 0.16783902, -0.502637863  -  Client - SetCamera:8\n" +
            "  01:45:20.380  9.17202187, 8.86804485, -7.42736292, -0.629320741, -0.256025702, 0.733761787, 0, 0.944175363, 0.329443604, -0.777145743, 0.207325697, -0.594189048  -  Client - SetCamera:8\n" +
            "  01:45:20.412  8.27226162, 8.86804485, -8.41792107, -0.713250756, -0.230909958, 0.661780894, 1.4901163e-08, 0.944175243, 0.329443574, -0.700909019, 0.234975889, -0.673433661  -  Client - SetCamera:8\n" +
            "  01:45:20.446  6.85356426, 8.86804485, -9.60834885, -0.814115703, -0.191308796, 0.548285127, -1.49011612e-08, 0.944175243, 0.329443574, -0.580702722, 0.268205196, -0.768667877  -  Client - SetCamera:8\n" +
            "  01:45:20.479  5.63151598, 8.8680439, -10.3719692, -0.87881732, -0.15719679, 0.45052126, 0, 0.944175303, 0.329443514, -0.477158546, 0.289520681, -0.829757512  -  Client - SetCamera:8\n" +
            "  01:45:20.513  4.62218761, 8.7886467, -10.8892012, -0.920505047, -0.126241907, 0.369775027, -7.4505806e-09, 0.946367681, 0.323091745, -0.390730858, 0.297407568, -0.871136129  -  Client - SetCamera:8\n" +
            "  01:45:20.546  3.08216929, 8.54937553, -11.5028248, -0.965925932, -0.078667976, 0.246573538, 0, 0.952687979, 0.303950042, -0.258818775, 0.293593228, -0.920225978  -  Client - SetCamera:8\n" +
            "  01:45:20.579  1.35916042, 8.22796249, -11.9292278, -0.993571997, -0.0314972438, 0.108732834, 1.86264537e-09, 0.960512578, 0.278236955, -0.113202944, 0.276448458, -0.954338193  -  Client - SetCamera:8\n" +
            "  01:45:20.613  -0.317708671, 7.74120331, -12.1326733, -0.999657333, 0.00626411429, -0.0254166946, 0, 0.97094661, 0.239296257, 0.0261772349, 0.239214256, -0.970613837  -  Client - SetCamera:8\n" +
            "  01:45:20.646  -1.91326904, 7.3318243, -12.0798836, -0.987688303, 0.032310959, -0.153061524, 1.86264515e-09, 0.978436887, 0.206545934, 0.15643473, 0.204003006, -0.966390669  -  Client - SetCamera:8\n" +
            "  01:45:20.679  -3.29360509, 6.83676338, -11.8763437, -0.963630497, 0.0446131006, -0.263488412, 0, 0.985966861, 0.166941047, 0.267238647, 0.160869479, -0.950107515  -  Client - SetCamera:8\n" +
            "  01:45:20.712  -5.04722834, 6.25496197, -11.3362503, -0.91354537, 0.0489698984, -0.403778255, 3.7252903e-09, 0.992725849, 0.120396957, 0.40673697, 0.109988086, -0.906899989  -  Client - SetCamera:8\n" +
            "  01:45:20.746  -6.60603476, 5.66983175, -10.5718584, -0.848048031, 0.0389949419, -0.528482795, 0, 0.997288883, 0.073586531, 0.529919565, 0.062404912, -0.845748663  -  Client - SetCamera:8\n" +
            "  01:45:20.780  -8.19177055, 5.33447456, -9.42354965, -0.754709542, 0.0306759886, -0.655341625, 0, 0.998906314, 0.0467579588, 0.656059206, 0.0352886766, -0.753883958  -  Client - SetCamera:8\n" +
            "  01:45:20.813  -9.50319481, 4.99869537, -8.11649036, -0.649447858, 0.0151287597, -0.760255575, 0, 0.999802113, 0.0198956281, 0.760406256, 0.0129211731, -0.649319232  -  Client - SetCamera:8\n" +
            "  01:45:20.847  -10.8791828, 4.66273642, -6.15514088, -0.492423266, -0.00607602997, -0.870334625, 2.32830644e-10, 0.999975681, -0.00698108645, 0.870355904, -0.00343764969, -0.492411256  -  Client - SetCamera:8\n" +
            "  01:45:20.879  -12.0729399, 4.57874727, -3.23493099, -0.258818805, -0.0132333953, -0.965835214, 0, 0.999906242, -0.013700217, 0.965925992, -0.0035458738, -0.258794487  -  Client - SetCamera:8\n" +
            "  01:45:20.913  -12.458869, 4.49476576, -0.980531037, -0.0784588382, -0.0203557964, -0.996709526, 1.16415322e-10, 0.999791503, -0.0204187408, 0.996917367, -0.00160203082, -0.0784424841  -  Client - SetCamera:8\n" +
            "  01:45:20.946  -12.4802666, 4.49476576, 0.654066324, 0.0523362122, -0.0203907527, -0.998421311, 0, 0.999791503, -0.0204187371, 0.99862951, 0.00106863934, 0.0523253046  -  Client - SetCamera:8\n" +
            "  01:45:20.980  -12.1520882, 4.49476576, 2.91746187, 0.233445644, -0.0198545661, -0.972167075, 0, 0.999791503, -0.0204187371, 0.972369909, 0.0047666654, 0.233396947  -  Client - SetCamera:8\n" +
            "  01:45:21.012  -11.5039091, 4.49476576, 4.88312435, 0.390731454, -0.0187955461, -0.920312762, -9.31322686e-10, 0.999791563, -0.0204187371, 0.920504808, 0.00797824375, 0.390649945  -  Client - SetCamera:8\n" +
            "  01:45:21.046  -10.6557779, 4.49476576, 6.52987289, 0.522498846, -0.0174098331, -0.852462232, 0, 0.999791563, -0.0204187352, 0.852640092, 0.0106687658, 0.522389829  -  Client - SetCamera:8\n" +
            "  01:45:21.080  -9.5735569, 4.49476576, 8.03317261, 0.642787874, -0.0156416576, -0.765884519, -9.31322686e-10, 0.999791622, -0.0204187371, 0.766044319, 0.0131249176, 0.642653823  -  Client - SetCamera:8\n" +
            "  01:45:21.113  -7.43373108, 4.49476576, 10.0461178, 0.803857148, -0.0121455248, -0.594698489, -9.31322686e-10, 0.999791563, -0.0204187371, 0.594822586, 0.0164137483, 0.80368942  -  Client - SetCamera:8\n" +
            "  01:45:21.145  -5.28162289, 4.49476576, 11.3264875, 0.906307995, -0.00862932578, -0.422529817, 0, 0.999791622, -0.0204187389, 0.422617972, 0.0185056664, 0.906118989  -  Client - SetCamera:8\n" +
            "  01:45:21.180  -3.02338886, 4.49476576, 12.1261692, 0.970295846, -0.00493973261, -0.241871119, 0, 0.999791563, -0.0204187371, 0.241921559, 0.0198122151, 0.970093548  -  Client - SetCamera:8\n" +
            "  01:45:21.214  -0.327176839, 4.57874727, 12.4945431, 0.999657393, -0.00035862517, -0.0261741467, 0, 0.999906182, -0.013700217, 0.0261766054, 0.0136955231, 0.999563456  -  Client - SetCamera:8\n" +
            "  01:45:21.247  2.17055345, 4.66273642, 12.3097963, 0.98480773, 0.00121225521, 0.173644274, 1.16415322e-10, 0.999975681, -0.00698108645, -0.173648521, 0.0068750279, 0.984783709  -  Client - SetCamera:8\n" +
            "  01:45:21.281  3.44547105, 4.74672985, 12.01577, 0.96126163, 7.21101169e-05, 0.275637686, -7.27595761e-12, 1, -0.000261611916, -0.275637716, 0.000251477497, 0.96126157  -  Client - SetCamera:8\n" +
            "  01:45:21.313  3.96622968, 4.83072329, 11.8537979, 0.948323607, -0.00204911223, 0.317298383, 1.16415308e-10, 0.999979258, 0.00645786338, -0.317304999, -0.00612414442, 0.948303819  -  Client - SetCamera:8\n" +
            "  01:45:21.345  4.27516651, 4.83072329, 11.7459106, 0.939692557, -0.00220872136, 0.342013329, 0, 0.999979138, 0.00645786198, -0.342020512, -0.00606840476, 0.939672887  -  Client - SetCamera:8\n" +
            "  01:45:21.381  4.68217897, 4.91471291, 11.5887899, 0.927183747, -0.00493620662, 0.374574304, 4.65661343e-10, 0.999913096, 0.0131770307, -0.374606848, -0.0122175291, 0.927103162  -  Client - SetCamera:8\n" +
            "  01:45:21.413  5.0837698, 4.91471291, 11.4183254, 0.91354543, -0.00535958586, 0.406701565, 0, 0.999913275, 0.0131770326, -0.40673694, -0.0120378183, 0.913466036  -  Client - SetCamera:8\n" +
            "  01:45:21.446  5.18321896, 4.91471291, 11.3735275, 0.909961164, -0.00546443043, 0.414657503, 0, 0.999913216, 0.0131770335, -0.414693505, -0.0119905891, 0.909882188  -  Client - SetCamera:8\n" +
            "  01:45:21.481  5.65833998, 4.91148758, 10.869565, 0.887010813, -0.00608448405, 0.461708665, -4.65661343e-10, 0.999913156, 0.0131770447, -0.461748809, -0.0116881812, 0.886933684  -  Client - SetCamera:8\n" +
            "  01:45:21.513  5.75280237, 4.89937115, 9.76631546, 0.861629069, -0.00668785907, 0.50749445, 0, 0.999913216, 0.0131770447, -0.507538617, -0.0113537246, 0.861554205  -  Client - SetCamera:8\n" +
            "  01:45:21.546  5.65992451, 4.95962238, 8.88429928, 0.843391359, -0.0106899189, 0.537193358, 9.31322575e-10, 0.999801993, 0.0198956318, -0.537299752, -0.0167798046, 0.843224406  -  Client - SetCamera:8\n" +
            "  01:45:21.579  5.63018703, 4.95035696, 8.34709358, 0.829037488, -0.0111254985, 0.559082329, 0, 0.999802113, 0.0198956318, -0.559193015, -0.0164942238, 0.828873456  -  Client - SetCamera:8\n" +
            "  01:45:21.614  5.56010294, 4.94534302, 8.08999825, 0.824126124, -0.0112690125, 0.566294253, 0, 0.999802172, 0.0198956318, -0.566406369, -0.0163965095, 0.823963046  -  Client - SetCamera:8\n" +
            "  01:45:21.646  6.49128723, 4.94304705, 7.20930338, 0.743144751, -0.0133127784, 0.668998241, 0, 0.999802113, 0.0198956318, -0.669130743, -0.0147853345, 0.742997646  -  Client - SetCamera:8\n" +
            "  01:45:21.679  6.99575758, 4.94191837, 6.63872433, 0.688354492, -0.0144317821, 0.725230873, 0, 0.999802113, 0.01989563, -0.72537446, -0.0136952465, 0.688218236  -  Client - SetCamera:8\n" +
            "  01:45:21.713  7.14783812, 4.94140148, 6.43594074, 0.669130564, -0.0147853363, 0.742997766, 0, 0.999801993, 0.01989563, -0.743144929, -0.0133127738, 0.668998003  -  Client - SetCamera:8\n" +
            "  01:45:21.747  7.05665779, 4.9374938, 6.24320221, 0.662619948, -0.0149009516, 0.748807549, 0, 0.999802053, 0.0198956355, -0.748955786, -0.0131832454, 0.662488818  -  Client - SetCamera:8\n" +
            "  01:45:21.779  6.48409986, 4.92228079, 5.7366457, 0.662619948, -0.0149009516, 0.748807549, 0, 0.999802053, 0.0198956355, -0.748955786, -0.0131832454, 0.662488818  -  Client - SetCamera:8\n" +
            "  01:45:21.813  6.00662088, 4.90959454, 5.31420803, 0.662619948, -0.0149009516, 0.748807549, 0, 0.999802053, 0.0198956355, -0.748955786, -0.0131832454, 0.662488818  -  Client - SetCamera:8\n" +
            "  01:45:21.846  5.72931528, 4.90222645, 5.06886911, 0.662619948, -0.0149009516, 0.748807549, 0, 0.999802053, 0.0198956355, -0.748955786, -0.0131832454, 0.662488818  -  Client - SetCamera:8\n" +
            "  01:45:21.879  5.58390284, 4.89836311, 4.94021893, 0.662619948, -0.0149009516, 0.748807549, 0, 0.999802053, 0.0198956355, -0.748955786, -0.0131832454, 0.662488818  -  Client - SetCamera:8\n" +
            "  01:45:21.912  5.51278114, 4.89647341, 4.87729597, 0.662619948, -0.0149009516, 0.748807549, 0, 0.999802053, 0.0198956355, -0.748955786, -0.0131832454, 0.662488818  -  Client - SetCamera:8\n" +
            "  01:45:21.947  5.47788191, 4.89554596, 4.84641933, 0.662619948, -0.0149009516, 0.748807549, 0, 0.999802053, 0.0198956355, -0.748955786, -0.0131832454, 0.662488818  -  Client - SetCamera:8\n" +
            "  01:45:21.979  5.46347857, 4.89516354, 4.83367682, 0.662619948, -0.0149009516, 0.748807549, 0, 0.999802053, 0.0198956355, -0.748955786, -0.0131832454, 0.662488818  -  Client - SetCamera:8\n" +
            "  01:45:22.013  5.32828188, 4.89497852, 4.96870327, 0.681998372, -0.0145507483, 0.73120898, 0, 0.999802172, 0.0198956355, -0.73135376, -0.0135687906, 0.681863368  -  Client - SetCamera:8\n" +
            "  01:45:22.048  4.89389515, 4.88538313, 4.72597885, 0.694658339, -0.014311729, 0.719197452, -9.31322575e-10, 0.999802113, 0.0198956449, -0.719339848, -0.0138206761, 0.694520831  -  Client - SetCamera:8\n" +
            "  01:45:22.079  4.14042044, 4.87434387, 4.67989445, 0.748955727, -0.013183252, 0.662488878, 0, 0.999802053, 0.0198956449, -0.662620008, -0.0149009572, 0.74880749  -  Client - SetCamera:8\n" +
            "  01:45:22.113  3.26935506, 4.86634398, 4.84701967, 0.829037607, -0.0111255022, 0.55908215, 0, 0.999802113, 0.0198956449, -0.559192836, -0.0164942369, 0.828873575  -  Client - SetCamera:8\n" +
            "  01:45:22.146  2.10786915, 4.89980316, 5.21716118, 0.927183986, -0.00996951479, 0.37447381, 0, 0.999645948, 0.0266132969, -0.37460652, -0.0246754233, 0.926855564  -  Client - SetCamera:8\n" +
            "  01:45:22.179  1.38169599, 4.89691496, 5.34262562, 0.968147755, -0.00666343467, 0.250291169, 0, 0.999645889, 0.0266133007, -0.25037986, -0.0257656071, 0.96780479  -  Client - SetCamera:8\n" +
            "  01:45:22.212  1.3687017, 4.89553308, 5.29238033, 0.968147755, -0.00666343467, 0.250291169, 0, 0.999645889, 0.0266133007, -0.25037986, -0.0257656071, 0.96780479  -  Client - SetCamera:8\n" +
            "  01:45:22.246  1.08486283, 4.8948679, 5.33227587, 0.979924738, -0.00530583458, 0.19929716, 4.65661232e-10, 0.999645829, 0.0266133007, -0.199367762, -0.0260790326, 0.97957772  -  Client - SetCamera:8\n" +
            "  01:45:22.279  0.661831021, 4.89457941, 5.39018965, 0.99254626, -0.00324334041, 0.121825993, 0, 0.999645948, 0.0266132969, -0.121869169, -0.026414929, 0.992194653  -  Client - SetCamera:8\n" +
            "  01:45:22.312  0.555300176, 4.89143133, 5.28333807, 0.994521916, -0.00278184004, 0.104491249, 0, 0.999645829, 0.0266132783, -0.104528271, -0.0264674891, 0.994169652  -  Client - SetCamera:8\n" +
            "  01:45:22.347  0.417758703, 4.87760925, 4.7750144, 0.99619478, -0.00231949543, 0.087124683, 0, 0.999645889, 0.0266132839, -0.0871555507, -0.0265120137, 0.99584192  -  Client - SetCamera:8\n" +
            "  01:45:22.382  0.230144158, 4.86707211, 4.39142847, 0.99862951, -0.00139282621, 0.0523172244, 0, 0.999645829, 0.0266132802, -0.0523357578, -0.0265768077, 0.998275876  -  Client - SetCamera:8\n" +
            "  01:45:22.429  0.035797447, 4.8592124, 4.10207415, 0.999961913, -0.000232236474, 0.0087232478, 0, 0.999645829, 0.0266132802, -0.00872633792, -0.0266122669, 0.999607801  -  Client - SetCamera:8\n" +
            "  01:45:22.465  -0.140132278, 4.85689783, 4.01284027, 0.9993909, 0.000928795431, -0.0348873362, 0, 0.999645948, 0.0266132802, 0.0348996967, -0.0265970696, 0.999036908  -  Client - SetCamera:8\n" +
            "  01:45:22.496  -0.415023714, 4.90912247, 3.94867921, 0.994521976, 0.00418582838, -0.104444824, 0, 0.999198079, 0.0400447845, 0.10452868, -0.0398254171, 0.993724227  -  Client - SetCamera:8\n" +
            "  01:45:22.529  -0.617530048, 4.98798418, 3.89892602, 0.987688303, 0.00941387843, -0.156151161, 0, 0.998187721, 0.0601776913, 0.156434685, -0.0594368018, 0.985898316  -  Client - SetCamera:8\n" +
            "  01:45:22.562  -1.08523428, 5.01392365, 3.78465843, 0.96126163, 0.0184356272, -0.275020361, 1.86264515e-09, 0.997760773, 0.0668835789, 0.275637597, -0.0642926171, 0.959109128  -  Client - SetCamera:8\n" +
            "  01:45:22.597  -1.43928373, 5.09288549, 3.6538322, 0.930417538, 0.0318790227, -0.365112334, 0, 0.99620986, 0.0869819894, 0.366501421, -0.0809295699, 0.926891088  -  Client - SetCamera:8\n" +
            "  01:45:22.630  -1.72082496, 5.09274626, 3.52821183, 0.898793936, 0.0381304175, -0.436709911, -3.72528985e-09, 0.996209919, 0.0869819894, 0.43837136, -0.0781788826, 0.895387471  -  Client - SetCamera:8\n" +
            "  01:45:22.662  -2.07856393, 5.11905146, 3.32639551, 0.848048031, 0.0496397205, -0.527589381, 0, 0.995602965, 0.0936740786, 0.529919505, -0.0794401169, 0.844318986  -  Client - SetCamera:8\n" +
